0,14
1,14
2,14
3,14
4,14
5,14
5,15
4,13
4,15
4,16
3,13
2,15
2,16
3,16
3,17
2,17
1,15
1,16
0,16
0,17
0,13
1,13
2,13
1,12
0,12
0,11
0,15
0,31
1,31
2,31
3,31
4,31
1,30
2,30
3,30
4,30
3,29
4,29
5,29
5,28
4,28
4,27
3,28
3,27
2,29
2,28
2,27
2,26
3,26
1,29
0,29
0,28
1,28
1,27
0,27
0,26
1,26
1,25
1,32
2,32
3,32
4,32
2,33
3,33
4,33
5,33
3,34
2,34
2,35
3,35
2,36
1,33
1,34
0,34
0,35
1,35
1,36
0,30
0,32
0,33
0,44
1,44
2,44
1,43
0,43
0,42
0,41
0,40
2,43
1,42
1,45
0,45
0,46
1,46
1,47
0,47
0,48
2,45
3,45
3,44
3,46
4,46
3,47
4,47
3,48
2,46
2,47
1,46
0,43
0,45
0,54
1,54
2,54
3,54
4,54
3,53
2,53
2,52
2,55
1,53
0,53
1,52
0,52
1,51
1,55
0,53
0,55
0,56
1,56
0,57
0,60
1,60
0,59
0,61
0,62
0,72
0,71
0,81
1,81
2,81
2,80
1,80
3,80
2,79
1,80
1,82
2,82
3,82
3,81
4,81
3,83
4,83
3,84
4,84
2,83
2,84
2,85
1,83
1,84
1,85
1,86
1,87
0,82
0,83
0,84
0,85
0,86
0,87
1,21
0,21
0,20
0,19
0,22
0,23
1,20
2,20
1,19
1,18
1,38
0,38
0,37
2,89
1,89
0,89
0,90
0,91
1,90
1,91
1,92
0,92
0,93
0,94
1,93
2,93
2,94
1,94
1,95
3,89
2,88
3,88
4,88
5,88
5,87
6,87
5,86
5,85
4,87
4,86
3,86
3,87
2,90
3,90
4,90
5,90
5,91
6,91
4,89
4,91
4,92
5,92
6,92
5,93
4,93
4,94
3,91
3,92
3,93
2,91
2,92
2,96
3,96
3,95
2,97
1,97
0,97
2,98
1,98
0,98
0,99
1,99
2,99
3,99
3,0
2,0
1,0
0,0
0,1
1,1
1,2
0,2
1,1
2,1
2,2
2,3
1,3
0,3
0,4
1,4
0,5
1,4
3,3
4,3
5,3
4,4
3,4
3,5
4,0
5,0
6,0
7,0
8,0
9,0
7,1
6,1
6,2
5,2
7,2
5,1
4,1
3,1
3,2
4,2
3,7
2,7
1,7
0,7
0,8
0,9
1,6
2,6
1,8
1,9
1,10
2,6
2,8
2,9
2,10
2,11
3,8
4,8
4,9
4,10
5,10
4,11
3,9
3,10
3,11
3,50
2,50
2,49
1,49
4,50
4,51
5,51
4,52
3,51
3,74
2,74
1,74
0,74
1,73
4,74
5,74
5,73
4,73
3,73
3,73
3,75
2,75
1,75
2,76
1,76
0,76
0,77
1,77
1,78
3,76
4,76
4,77
3,77
3,78
2,77
4,75
5,75
6,75
5,76
3,76
4,66
3,66
2,66
1,66
0,66
1,65
1,64
0,64
1,63
1,67
0,67
0,68
2,67
1,68
1,69
2,65
2,64
2,63
2,67
3,65
3,64
3,67
3,68
2,68
4,68
5,68
6,68
5,69
4,69
4,70
3,69
3,70
2,70
1,70
2,71
3,71
4,67
5,67
5,18
4,18
5,17
5,39
4,39
3,39
2,39
3,40
4,38
3,38
3,37
4,37
4,36
6,39
7,39
8,39
9,39
9,40
8,38
8,37
8,40
8,41
7,40
6,40
6,38
6,37
6,36
6,40
5,38
5,37
5,40
5,41
4,41
4,42
3,42
4,43
5,42
5,43
6,43
6,22
5,22
4,22
3,22
2,22
3,21
3,23
4,21
4,20
4,23
5,23
5,21
5,20
5,23
7,22
8,22
9,22
8,21
7,21
7,23
6,23
8,23
7,24
6,21
6,20
6,19
7,19
6,23
6,30
7,30
8,30
8,31
7,31
7,32
7,33
7,29
7,31
6,31
6,32
7,13
6,13
6,12
5,12
6,11
8,13
9,13
10,13
9,14
10,14
11,14
10,15
8,12
7,12
9,12
10,12
11,12
12,12
11,11
10,11
9,11
8,11
9,10
8,11
8,14
7,12
7,14
7,15
7,35
8,35
7,60
6,60
5,60
4,60
3,60
3,59
2,59
3,61
2,61
4,59
4,58
4,57
3,57
5,57
4,56
4,61
4,62
4,63
5,59
5,58
6,58
6,57
6,56
5,61
5,62
5,63
6,59
6,61
6,62
6,63
6,64
5,64
5,65
6,65
7,65
6,66
8,60
9,60
10,60
10,59
9,59
9,58
8,58
8,57
9,57
10,58
11,58
12,58
11,57
11,59
10,57
9,57
9,61
10,61
11,61
12,61
12,60
11,62
10,62
10,63
10,64
9,62
9,63
9,64
9,65
8,59
8,61
8,62
8,63
8,64
7,59
7,58
7,57
7,56
7,55
7,61
7,62
7,63
7,64
7,86
8,86
8,85
9,85
9,84
9,83
8,83
10,83
9,82
8,82
10,82
7,85
7,84
6,84
6,83
6,82
5,82
7,82
7,81
6,81
6,80
5,80
6,79
8,84
7,83
7,97
6,97
5,97
4,97
5,98
4,98
6,96
6,95
5,95
6,94
6,98
6,99
8,97
9,97
7,96
8,96
9,96
10,96
9,95
10,95
9,94
8,95
8,94
8,93
7,95
7,94
7,93
7,98
8,98
9,98
10,98
10,99
9,99
8,99
7,99
7,99
8,6
7,6
6,6
5,6
4,6
5,5
6,5
6,4
6,7
6,8
7,5
7,4
7,7
7,8
7,9
6,9
8,9
7,10
9,6
10,6
11,6
11,5
12,5
11,7
12,7
11,8
10,5
10,7
10,8
10,9
9,5
9,4
9,7
9,8
8,5
8,4
8,3
8,7
8,8
8,26
7,26
6,26
5,26
5,25
4,25
6,25
6,27
7,27
8,25
8,43
9,43
8,67
7,67
9,67
8,66
8,68
9,68
8,79
8,80
9,80
9,74
8,74
7,74
7,73
8,73
9,73
9,72
8,72
7,72
6,72
8,71
8,70
9,71
9,70
8,72
8,75
8,76
7,76
8,77
10,74
11,74
12,74
13,74
12,75
11,73
12,73
11,72
11,75
10,73
10,72
10,71
11,71
12,71
12,70
11,70
10,70
10,69
11,69
11,68
10,75
9,75
9,76
9,77
9,78
10,76
11,76
12,76
13,76
12,77
13,77
14,77
13,78
12,78
12,79
11,77
10,77
10,78
10,79
11,78
11,79
11,80
10,77
9,73
9,75
10,48
9,48
11,48
12,48
13,48
11,47
12,47
13,47
14,47
15,47
14,46
14,48
13,46
13,45
12,46
12,45
12,44
11,46
10,46
10,45
9,45
10,44
11,45
11,49
12,49
13,49
13,50
14,50
15,50
14,51
13,51
12,50
12,51
11,50
10,50
10,51
9,51
10,52
11,51
10,47
9,47
8,47
9,46
8,46
8,45
7,45
10,49
9,49
8,49
7,49
6,49
5,49
6,48
6,50
8,50
9,50
10,54
9,54
8,54
8,53
7,53
6,53
5,53
6,52
6,54
7,52
8,52
9,53
9,55
11,54
11,53
12,53
13,53
10,55
11,37
10,37
10,38
12,37
12,38
11,38
11,36
11,38
12,30
11,30
10,30
11,29
10,29
9,29
11,28
10,28
9,28
8,28
9,27
10,27
10,26
10,25
11,27
11,26
11,31
10,31
10,32
9,32
9,33
10,33
11,33
10,34
9,34
10,35
11,32
13,30
14,30
13,29
13,28
14,28
15,28
14,27
13,31
14,31
15,31
16,31
15,30
12,29
12,28
12,27
12,31
12,32
13,32
14,32
15,32
16,32
17,32
15,33
14,33
14,34
13,33
12,33
13,34
12,34
12,35
13,35
13,36
12,33
12,63
13,63
14,63
13,62
13,64
14,64
15,64
16,64
17,64
17,63
16,63
16,65
12,64
12,65
11,65
11,66
10,66
13,65
14,65
13,66
12,66
12,67
13,6
14,6
14,7
13,23
12,23
11,23
10,23
11,22
11,24
12,24
12,25
14,23
14,24
15,24
13,22
13,21
12,21
14,21
13,24
13,25
13,26
13,69
14,69
14,70
13,68
13,90
12,90
11,90
12,89
11,89
10,89
9,89
8,89
7,89
6,89
7,88
7,90
8,88
8,90
9,88
9,87
9,90
9,91
10,88
10,87
10,86
10,90
10,91
10,92
9,92
10,93
11,88
11,87
12,88
12,87
12,86
11,86
11,85
11,84
12,85
12,91
11,91
11,92
12,92
12,92
14,90
15,90
16,90
17,90
18,90
19,90
17,89
16,89
16,88
16,91
15,91
13,89
14,89
15,89
15,88
14,88
14,87
15,87
16,87
17,87
15,86
13,88
13,87
13,86
13,85
14,85
14,84
15,84
14,83
13,84
12,84
12,83
13,91
14,91
14,92
14,18
13,18
12,18
11,18
10,18
9,18
8,18
8,17
7,17
8,16
9,17
10,17
9,16
9,19
9,20
10,17
10,19
10,20
10,21
11,19
11,20
12,17
12,19
13,17
13,16
12,16
11,16
12,15
13,15
13,19
15,18
16,18
17,18
18,18
15,17
16,17
17,17
17,16
16,16
16,15
15,16
15,15
15,19
16,19
17,19
17,20
18,20
17,21
17,22
16,20
16,21
15,20
14,17
14,16
14,19
14,58
15,58
16,58
17,58
18,58
19,58
20,58
19,59
18,57
18,59
18,60
17,57
17,56
16,56
17,59
16,57
16,59
16,60
16,61
15,57
15,59
15,60
14,60
15,61
15,62
14,57
13,57
13,56
12,56
12,55
14,56
14,55
13,55
15,55
14,54
13,55
14,56
14,59
13,59
14,99
13,99
12,99
12,98
15,43
14,43
13,43
13,42
12,42
11,42
10,42
11,43
14,42
14,44
16,43
17,43
16,42
17,42
18,42
19,42
16,41
17,41
18,41
18,40
17,40
17,39
18,39
16,40
16,39
16,38
17,38
17,37
16,44
17,44
18,44
19,44
20,44
19,43
20,43
19,45
20,45
21,45
19,46
18,43
18,45
18,46
17,46
17,47
18,47
19,47
18,48
17,45
16,45
15,42
15,41
14,41
13,41
12,41
11,41
10,41
11,40
13,40
13,39
14,40
14,39
14,38
14,37
15,40
15,39
15,38
15,37
15,36
15,44
15,45
15,80
14,80
13,80
13,81
12,81
13,82
14,79
14,81
16,80
17,80
16,79
16,81
15,79
15,78
15,81
15,82
17,2
16,2
15,2
14,2
13,2
12,2
11,2
12,1
12,3
13,3
13,4
16,1
15,1
14,1
13,1
13,0
12,0
14,0
15,0
16,0
16,3
15,3
14,3
14,4
16,4
16,5
15,5
16,6
18,2
19,2
20,2
20,1
21,1
20,3
21,3
22,3
21,4
21,5
20,4
20,5
20,6
19,1
19,3
19,4
18,1
18,0
17,0
19,0
20,0
18,3
18,4
18,5
18,6
17,6
17,7
19,6
18,7
19,7
18,8
17,1
17,3
17,4
17,5
17,11
16,11
15,11
14,11
13,11
14,10
13,10
14,9
15,10
15,9
15,8
16,10
16,9
17,9
16,8
16,12
15,12
14,12
14,13
13,13
14,14
16,13
17,10
18,10
17,12
18,12
18,13
17,13
17,14
19,13
19,14
18,14
18,15
17,13
17,25
16,25
16,26
15,26
16,27
17,24
17,26
17,27
18,27
17,28
17,29
16,29
17,30
17,50
18,50
18,51
17,49
16,49
16,48
17,51
16,51
16,52
15,52
15,53
16,53
17,53
18,53
17,54
16,54
17,52
17,68
16,68
15,68
16,67
15,67
14,67
15,66
18,68
19,68
19,67
18,67
18,66
18,65
17,67
17,66
17,95
16,95
15,95
14,95
13,95
15,94
14,94
13,94
12,94
13,93
15,93
15,96
14,96
13,96
12,96
13,97
14,97
15,97
15,98
16,94
17,94
17,93
16,93
18,93
18,92
17,92
16,93
16,96
16,97
16,98
18,95
19,95
20,95
21,95
20,94
20,93
20,96
21,96
22,96
21,97
19,94
19,93
19,96
19,97
19,98
18,94
18,96
18,97
18,98
18,99
17,94
17,96
17,97
17,98
18,88
19,88
20,88
20,87
19,55
18,55
19,54
19,56
20,56
19,64
19,63
19,83
18,83
18,82
17,82
18,81
18,84
17,84
20,83
21,83
20,84
19,82
20,82
21,82
22,82
21,81
20,81
20,80
19,84
19,85
19,86
20,33
19,33
18,33
18,34
17,34
16,34
18,35
18,36
19,32
19,34
19,35
21,33
22,33
23,33
22,32
22,34
23,34
21,32
20,32
20,31
20,34
20,73
19,73
18,73
17,73
16,73
15,73
17,72
16,72
15,72
14,72
13,72
15,71
16,71
16,70
17,71
17,70
17,74
16,74
16,75
15,75
16,76
17,75
17,76
17,77
17,78
18,72
18,71
19,71
19,70
18,70
18,74
18,75
19,75
20,75
21,75
22,75
21,76
19,76
19,77
20,77
18,76
18,77
18,78
18,79
19,72
19,74
21,73
22,73
23,73
24,73
25,73
22,72
23,72
24,72
25,72
26,72
25,71
23,71
23,70
22,71
22,70
21,70
22,69
22,74
23,74
24,74
24,75
25,75
26,75
24,76
23,76
24,77
21,72
21,71
20,71
20,70
20,69
21,74
20,72
20,74
21,26
20,26
19,26
20,27
22,26
23,26
24,26
25,26
26,26
26,27
25,25
24,25
25,24
25,27
24,25
24,27
24,28
23,25
23,27
22,27
22,25
21,25
20,25
19,25
19,24
20,24
20,23
21,24
21,23
21,22
22,24
23,24
23,23
22,23
22,22
22,21
22,27
21,25
21,27
21,28
22,28
22,29
23,29
22,30
21,29
20,29
19,29
19,28
19,30
21,30
21,37
20,37
19,37
22,37
21,36
22,36
21,35
21,38
21,86
21,85
23,19
22,19
21,19
20,19
19,19
20,18
20,20
20,21
19,21
19,22
21,18
21,17
21,20
22,18
22,17
23,17
22,16
21,16
20,16
23,20
24,20
24,21
25,21
26,21
26,22
25,22
24,22
24,22
23,50
22,50
21,50
20,50
22,49
21,49
20,49
19,49
20,48
21,48
22,48
23,48
23,47
22,47
22,46
22,51
21,51
21,52
20,52
19,52
20,53
21,53
23,49
24,49
24,48
25,48
25,47
23,80
22,80
22,79
21,79
22,78
21,78
23,78
22,77
24,80
25,80
25,79
24,79
24,81
24,82
23,79
23,81
23,97
23,98
22,98
24,98
25,98
25,97
23,99
22,99
21,99
20,99
24,99
25,99
26,99
24,9
23,9
22,9
21,9
20,9
21,8
20,8
21,7
21,10
22,8
22,7
22,6
22,10
22,11
21,11
20,11
19,11
20,12
22,12
23,8
23,7
23,10
23,11
24,11
25,11
24,12
24,13
25,13
24,14
23,12
23,13
22,13
22,14
23,14
23,15
25,9
26,9
27,9
28,9
26,10
25,10
26,11
27,11
26,12
25,8
26,8
27,8
28,8
28,7
27,7
27,6
26,7
26,6
25,7
25,6
25,5
26,5
25,4
25,3
25,10
24,8
24,7
24,6
23,6
23,5
23,4
24,5
24,4
24,3
24,2
24,10
24,55
23,55
22,55
21,55
22,56
23,54
22,54
23,56
23,57
24,56
24,57
25,57
25,58
25,59
24,58
24,63
23,63
22,63
22,62
21,62
20,62
22,61
22,60
22,64
21,64
23,62
23,61
23,60
23,59
23,64
23,65
22,65
21,65
23,66
22,66
21,66
20,66
21,67
22,67
25,63
26,63
27,63
25,62
26,62
27,62
28,62
29,62
26,61
26,60
27,60
25,61
24,61
24,60
25,64
26,64
27,64
28,64
25,65
26,65
25,66
24,62
24,64
24,65
24,66
24,67
24,68
23,68
25,68
24,69
25,0
24,0
23,0
22,0
23,1
26,0
27,0
28,0
26,1
27,1
28,1
27,2
26,2
25,1
25,30
24,30
24,31
23,31
24,32
26,30
27,30
26,29
25,29
26,31
25,29
25,31
25,32
25,33
25,40
24,40
23,40
22,40
21,40
20,40
20,39
20,41
21,41
21,42
22,39
22,41
23,41
22,42
22,43
23,39
23,38
24,38
23,41
24,39
24,41
26,40
26,39
27,39
27,38
28,38
26,38
26,37
27,37
26,36
25,36
25,39
25,38
25,37
24,37
24,36
24,35
25,90
24,90
23,90
22,90
21,90
21,89
21,91
22,91
22,92
23,91
23,92
26,90
27,90
28,90
27,91
28,91
27,92
26,91
26,92
25,92
26,93
25,89
24,89
23,89
23,88
22,88
22,87
23,87
23,86
23,85
24,88
24,87
24,86
24,85
24,84
26,89
27,89
28,89
29,89
29,88
28,88
30,88
29,90
28,88
27,88
27,87
26,88
26,87
25,88
25,87
25,86
26,86
27,86
28,86
27,85
26,85
25,85
25,84
25,83
25,91
24,91
24,92
24,93
24,94
23,94
22,94
25,94
24,95
24,96
26,70
26,69
26,78
27,78
27,77
28,77
28,76
27,76
26,77
27,23
28,23
28,22
28,21
27,24
27,25
28,45
27,45
26,45
25,45
24,45
23,45
23,44
24,44
24,43
24,46
25,44
25,43
25,42
26,44
26,43
27,43
27,42
28,42
27,41
26,46
27,44
29,45
29,46
28,44
28,43
29,43
29,42
29,41
30,41
30,40
29,40
28,40
28,93
28,94
27,94
27,95
27,96
26,96
28,95
29,52
28,52
27,52
26,52
25,52
24,52
23,52
24,51
24,53
25,51
25,50
25,53
26,51
26,50
26,49
27,51
27,50
27,49
28,51
28,50
28,49
30,52
31,52
32,52
33,52
31,51
32,51
33,51
34,51
33,50
32,50
32,49
31,50
31,49
31,48
30,51
30,50
30,49
30,48
30,47
29,51
29,50
29,49
29,48
28,48
28,47
27,47
29,53
28,53
27,53
26,53
26,54
25,54
26,55
26,56
27,54
27,55
28,54
28,55
28,56
30,53
31,53
32,53
31,54
30,54
30,55
31,55
32,55
31,56
31,57
32,57
30,56
30,57
30,58
29,54
29,55
29,56
29,57
28,57
28,58
27,58
28,59
29,60
30,60
31,60
31,59
32,59
30,61
29,72
28,72
28,71
27,71
28,73
27,73
29,80
28,80
27,80
30,80
31,80
32,80
33,80
31,79
32,79
32,78
33,78
32,77
31,78
30,78
29,78
30,77
30,76
31,77
31,81
32,81
32,82
33,82
34,82
32,83
31,82
30,82
30,83
29,83
31,83
31,83
30,79
30,81
29,81
28,81
27,81
26,81
27,82
29,82
28,82
28,83
28,84
29,79
29,81
29,85
30,85
31,85
32,85
33,85
33,84
34,84
33,86
32,86
34,86
32,86
31,86
31,87
30,86
30,17
29,17
28,17
27,17
26,17
27,16
28,16
28,15
27,15
26,15
25,15
26,14
27,14
28,14
27,18
26,18
25,18
24,18
25,19
26,19
28,18
27,19
27,20
28,16
28,18
29,16
29,15
31,17
31,18
30,18
30,19
29,19
29,20
30,20
31,19
31,20
32,20
32,21
31,21
31,22
30,22
32,22
31,23
30,16
31,16
30,15
30,14
31,14
30,13
29,13
29,12
28,12
29,11
30,12
31,12
31,11
30,11
30,10
30,18
30,33
29,33
28,33
29,32
28,32
27,32
28,31
29,31
31,33
31,34
32,34
33,34
32,35
33,35
34,35
34,36
33,36
32,36
32,37
31,37
32,38
31,35
30,35
31,36
30,36
29,36
28,36
29,37
30,37
30,38
30,32
30,34
29,34
28,34
27,34
26,34
27,35
28,35
29,35
31,63
31,62
31,67
30,67
29,67
28,67
27,67
26,67
27,66
27,68
28,68
28,69
29,66
29,68
29,69
30,66
30,65
30,64
30,68
30,69
30,70
30,71
32,67
33,67
34,67
34,66
33,66
33,65
33,68
32,66
32,65
31,66
31,65
31,68
32,68
32,69
33,69
34,69
33,70
32,70
32,71
31,69
31,70
32,10
33,10
34,10
35,10
35,9
35,11
34,9
33,11
32,9
31,9
32,27
31,27
30,27
31,26
30,26
29,26
28,26
29,25
30,25
30,24
29,24
32,26
33,26
33,25
34,25
33,24
32,25
32,24
31,25
31,28
30,28
29,28
28,28
27,28
28,29
29,29
30,29
30,30
32,28
33,28
31,29
32,29
32,26
32,28
33,98
32,98
31,98
30,98
29,98
28,98
27,98
28,97
28,99
29,97
29,96
30,97
31,99
30,99
29,99
32,99
33,99
34,99
34,4
33,4
32,4
31,4
30,4
29,4
28,4
27,4
28,3
28,5
29,3
30,3
29,2
30,3
31,3
31,5
30,5
29,5
29,6
30,6
31,6
30,7
30,8
31,6
32,3
33,3
32,2
31,2
31,1
30,1
31,0
32,1
33,1
32,0
32,5
33,5
34,5
34,6
33,6
33,7
32,7
34,7
33,8
32,6
33,3
33,5
35,4
36,4
37,4
38,4
36,3
37,3
38,3
39,3
37,2
38,2
38,1
37,1
36,1
37,0
36,2
35,2
35,1
35,0
36,5
37,5
37,6
38,6
39,6
37,7
36,6
36,7
36,8
35,3
35,5
35,6
34,3
34,2
33,2
34,5
34,39
34,38
34,74
33,74
32,74
31,74
30,74
29,74
30,73
31,73
31,72
31,75
32,73
32,75
33,73
34,73
35,73
36,73
35,72
34,72
33,72
33,75
33,76
35,74
36,74
34,73
34,75
35,75
36,75
37,75
38,75
37,76
36,76
36,77
35,76
35,77
35,78
34,76
34,77
34,93
33,93
32,93
31,93
33,92
32,92
31,92
30,92
29,92
30,91
31,91
32,91
32,90
32,89
34,92
34,91
35,91
35,90
34,90
34,89
33,91
33,90
33,89
33,88
33,94
32,94
31,94
30,94
32,95
32,96
31,96
33,96
33,95
35,93
36,93
37,93
36,92
36,91
37,91
38,91
37,90
36,94
37,94
38,94
36,95
37,95
37,96
36,96
35,94
35,95
35,96
35,97
34,97
35,98
34,92
34,94
34,95
34,96
36,16
35,16
34,16
35,15
35,14
34,14
33,14
33,13
32,13
33,15
32,15
34,13
34,12
35,17
34,17
33,17
35,18
34,18
33,18
33,19
34,19
35,19
35,20
34,20
34,21
35,21
35,22
37,16
38,16
39,16
40,16
41,16
42,16
41,15
41,17
40,15
39,15
40,14
40,17
40,18
39,15
38,15
38,14
38,17
39,17
38,18
37,18
38,19
37,15
37,14
37,13
38,13
38,12
39,12
38,11
37,12
36,12
37,11
37,10
37,17
36,15
36,14
36,13
35,13
36,17
36,18
36,19
37,19
37,20
38,20
38,21
37,21
37,22
36,20
36,21
36,45
35,45
34,45
33,45
32,45
33,46
32,46
31,46
33,47
34,44
33,44
32,44
31,44
30,44
33,43
32,43
31,43
31,42
32,42
32,41
34,43
34,42
35,42
34,41
33,42
33,41
33,40
34,43
34,46
34,47
35,47
34,48
33,48
35,44
35,43
35,46
37,45
38,45
39,45
40,45
39,44
40,44
41,44
39,46
39,47
40,47
40,48
38,44
38,43
39,43
40,43
40,42
39,42
38,42
38,46
37,44
37,43
37,42
37,41
36,44
36,43
36,42
36,41
36,40
35,40
36,39
36,38
36,46
36,63
35,63
34,63
33,63
34,64
35,64
35,62
34,62
33,62
33,61
32,61
34,61
35,64
36,62
36,80
35,80
35,81
36,81
36,82
36,89
36,88
35,88
35,87
37,26
36,26
35,26
36,25
37,25
36,24
37,25
37,32
36,32
35,32
35,33
34,33
35,34
36,31
35,31
34,31
33,31
32,31
31,31
32,32
33,30
33,32
34,30
34,29
34,32
35,30
35,29
35,28
36,30
36,29
36,28
36,33
36,34
38,32
39,32
40,32
41,32
42,32
43,32
42,31
41,31
41,30
41,33
40,31
40,30
40,29
40,33
40,34
39,34
41,34
41,35
40,35
39,35
40,36
39,31
39,30
39,29
39,33
38,31
38,30
38,29
38,28
38,27
38,33
37,33
37,34
37,35
38,35
38,36
37,36
36,36
37,37
38,34
37,31
37,30
37,29
37,33
37,50
36,50
38,50
39,50
40,50
39,49
39,51
38,49
38,48
38,51
38,52
37,49
36,49
35,49
36,48
37,48
37,47
37,51
36,51
36,52
37,52
37,53
37,56
36,56
35,56
34,56
33,56
34,57
35,57
35,58
36,55
35,55
34,55
34,54
33,54
34,53
35,54
36,54
35,53
36,54
36,57
36,58
36,59
35,59
34,59
35,60
38,56
39,56
40,56
41,56
42,56
42,55
41,55
41,54
41,53
41,57
40,55
40,54
40,53
40,52
40,57
40,58
41,58
41,59
40,59
40,60
39,55
39,54
38,54
39,53
39,57
39,58
39,59
39,60
39,61
38,55
38,57
38,58
38,59
37,59
37,60
37,61
38,60
37,55
37,57
37,58
37,72
38,72
39,72
40,72
39,71
38,71
39,70
39,73
38,71
38,73
37,71
36,71
36,70
35,70
36,69
37,69
36,68
37,70
38,70
38,69
38,68
38,23
38,24
38,99
37,99
36,99
39,99
38,98
37,98
39,89
38,89
39,93
40,93
41,93
42,93
43,93
44,93
45,93
44,92
43,94
42,92
42,94
41,94
42,95
41,92
41,91
42,91
43,91
42,90
41,90
40,90
41,89
41,94
40,92
40,91
40,94
40,95
39,95
40,96
41,96
40,97
39,97
40,98
39,92
40,0
39,0
41,0
40,1
40,39
39,39
39,38
38,38
39,37
39,40
38,40
40,40
41,39
42,39
43,39
44,39
43,38
42,38
41,38
42,40
41,38
41,40
41,41
40,38
40,40
40,67
39,67
39,66
38,66
37,66
36,66
37,65
37,67
38,65
38,64
37,64
38,63
39,65
39,64
39,63
41,67
40,66
40,65
41,65
40,64
41,64
42,64
41,63
40,63
40,62
40,68
40,69
41,69
41,5
40,5
40,4
42,5
41,4
42,4
43,4
42,3
41,3
41,2
41,6
41,78
41,77
40,77
39,77
38,77
38,78
37,78
37,79
38,79
39,76
39,78
40,76
40,75
41,75
42,75
43,75
41,74
40,74
41,76
42,76
41,83
40,83
39,83
38,83
37,83
39,82
40,82
41,82
41,81
40,81
39,81
38,81
40,80
40,79
40,81
40,84
39,84
38,84
37,84
36,84
38,85
37,85
36,85
35,85
36,86
37,86
37,87
38,86
38,87
39,87
39,85
41,84
41,85
42,83
43,83
44,83
43,82
44,82
45,82
44,81
45,81
46,81
45,80
44,80
44,79
43,81
43,80
42,80
42,79
43,84
44,84
45,84
44,85
45,85
44,86
43,85
43,86
42,82
42,81
42,84
42,85
42,86
41,86
40,86
41,87
42,87
42,88
41,82
41,84
42,11
41,11
40,11
43,11
44,11
45,11
46,11
47,11
45,10
46,10
47,10
48,10
49,10
48,9
47,9
46,9
46,8
45,9
45,8
45,7
45,6
45,12
46,12
44,10
44,9
44,8
44,7
44,6
43,6
44,5
44,12
44,13
43,10
43,9
42,9
41,9
41,8
40,8
42,8
42,8
43,8
43,7
43,12
43,13
42,10
41,10
40,10
39,10
40,9
39,9
38,9
38,8
39,8
42,12
41,12
41,13
42,13
42,14
43,14
42,21
41,21
40,21
40,22
39,22
41,20
40,20
41,19
42,20
43,20
44,20
45,20
44,21
42,19
43,19
44,19
43,18
43,17
44,17
42,18
42,51
41,51
43,51
44,51
44,52
43,50
43,52
43,53
42,50
42,49
41,49
42,52
42,99
41,99
43,36
42,36
44,36
44,37
43,35
43,34
44,34
44,33
45,33
43,73
42,73
42,72
45,27
44,27
43,27
42,27
42,28
41,28
42,29
43,28
44,28
45,28
45,29
44,29
44,30
45,30
45,31
44,29
46,27
47,27
48,27
48,26
48,28
49,28
50,28
49,29
48,29
48,30
47,26
47,28
47,29
47,30
47,31
46,26
46,25
45,25
45,24
44,24
45,23
47,25
48,25
49,25
50,25
49,24
47,24
47,23
48,23
47,22
46,24
46,23
46,28
46,29
46,30
45,26
44,26
43,26
42,26
41,26
40,26
42,25
41,25
40,25
39,25
40,24
41,24
41,23
42,24
42,23
43,25
43,24
43,23
43,22
44,25
45,28
45,73
46,73
46,74
45,74
44,74
46,58
45,58
44,58
43,58
43,59
45,57
44,57
43,57
44,56
45,56
44,55
44,54
45,56
45,59
44,59
44,60
43,60
42,60
42,61
43,61
44,61
43,62
45,60
44,61
45,60
47,58
48,58
49,58
50,58
51,58
50,57
50,59
49,57
49,59
48,57
47,57
47,56
48,56
47,57
46,57
46,59
47,59
48,59
48,60
49,60
47,60
47,61
46,60
46,61
46,62
45,62
45,63
44,63
46,89
45,89
44,89
43,89
44,90
45,88
45,90
45,91
47,89
48,89
49,89
49,88
50,88
47,88
46,88
48,88
48,87
49,87
49,86
50,86
48,86
47,86
48,85
47,87
46,87
46,86
47,90
48,90
48,91
49,91
48,92
49,92
50,92
49,93
48,93
47,91
46,91
46,92
47,92
46,88
46,90
46,98
45,98
44,98
43,98
44,97
44,99
45,99
47,98
48,98
46,97
47,97
46,96
45,96
46,95
45,95
44,95
47,95
46,94
47,94
46,99
47,99
48,99
47,45
46,45
45,45
44,45
43,45
44,44
44,43
43,43
45,43
44,42
44,41
44,46
43,46
42,46
42,47
44,47
44,48
43,48
45,44
45,46
45,47
46,44
46,43
46,42
46,41
45,41
46,46
46,47
46,48
45,48
45,49
45,50
47,48
47,49
47,50
46,49
46,50
46,51
46,52
48,45
49,45
49,44
50,44
51,44
51,45
50,43
51,43
50,42
49,43
49,42
49,41
49,40
49,46
50,46
48,44
48,43
48,42
47,42
47,41
47,40
48,41
48,40
48,39
48,46
48,47
49,47
50,47
51,47
50,48
49,48
49,49
48,48
48,49
48,50
48,51
47,44
47,43
47,46
47,47
47,68
46,68
45,68
44,68
43,68
42,68
43,69
45,67
44,67
43,67
43,66
42,66
43,65
44,66
44,65
45,66
45,65
45,69
44,69
44,70
43,70
42,70
43,71
44,71
44,72
46,69
45,70
46,67
46,66
46,69
48,68
49,68
49,69
50,69
49,70
50,70
51,70
50,71
49,71
48,69
48,70
47,70
47,71
46,71
47,72
48,71
48,72
47,67
47,69
48,2
47,2
49,2
50,2
51,2
51,1
52,1
52,0
51,0
50,1
50,0
50,3
50,4
49,4
49,1
49,0
49,3
48,1
47,1
46,1
45,1
44,1
43,1
42,1
43,2
44,0
45,0
45,2
46,0
46,2
46,3
45,3
44,3
45,4
47,0
48,0
48,3
47,3
48,4
47,4
46,4
46,5
47,5
48,5
49,5
48,6
47,6
47,7
49,54
48,54
47,54
46,54
46,55
47,53
48,53
50,54
51,54
51,55
52,55
51,56
52,56
53,56
52,57
50,53
50,52
49,52
51,52
51,51
52,51
51,50
50,51
50,55
49,55
49,53
49,55
49,78
48,78
47,78
46,78
45,78
45,77
44,77
43,77
45,76
46,77
46,76
46,79
47,77
47,76
47,75
47,79
47,80
48,77
49,77
50,77
49,76
50,76
51,76
50,75
51,75
52,75
51,74
50,74
50,73
49,75
48,75
48,74
49,74
48,76
48,79
48,80
48,81
48,82
47,82
50,78
51,78
49,77
49,79
50,79
51,79
52,79
51,80
51,81
49,80
50,80
50,81
50,82
50,83
49,81
49,82
49,83
49,84
50,35
49,35
48,35
47,35
46,35
45,35
47,34
47,33
47,36
48,34
48,33
49,33
48,32
48,36
48,37
47,37
46,37
47,38
49,34
49,36
50,36
51,36
52,36
53,36
52,37
51,37
51,38
50,37
50,38
50,39
49,37
49,38
51,35
52,35
53,35
54,35
53,34
50,34
51,34
52,34
52,33
53,33
53,32
52,32
51,33
51,32
51,31
50,33
50,32
50,31
49,31
50,30
50,36
51,16
50,16
49,16
48,16
47,16
46,16
45,16
45,15
44,15
45,14
46,15
46,17
46,18
45,18
46,19
47,15
47,14
47,13
47,17
47,18
48,18
47,19
48,15
48,14
48,13
48,12
48,17
49,15
49,14
49,13
49,17
49,18
50,15
51,15
50,14
51,14
52,14
52,13
53,13
52,12
52,11
51,13
50,13
50,12
50,11
51,12
51,11
51,10
50,13
50,17
50,18
52,16
53,16
54,16
55,16
56,16
55,15
55,17
56,17
57,17
55,18
55,19
54,15
54,14
55,14
55,13
56,13
54,13
54,12
54,11
54,17
54,18
53,15
53,14
53,17
53,18
53,19
52,15
52,17
52,18
52,19
51,15
51,17
51,18
51,19
50,19
49,19
48,19
48,20
49,20
49,21
50,20
50,21
50,22
51,20
52,20
53,20
54,20
53,21
52,21
52,22
53,22
52,23
51,21
51,64
50,64
49,64
48,64
48,63
47,63
48,62
48,65
47,65
48,66
49,63
49,65
49,66
50,66
50,63
50,65
51,65
52,65
52,66
53,66
52,67
51,66
51,67
50,67
51,68
51,65
52,46
53,46
54,46
54,47
53,47
53,48
52,48
52,49
55,47
54,48
53,47
53,73
52,73
52,72
51,72
53,74
53,78
54,78
55,78
56,78
57,78
57,79
56,79
55,79
54,77
55,77
54,76
54,75
54,79
54,80
53,80
53,81
55,80
56,80
56,81
57,81
56,82
55,81
53,77
52,77
53,76
53,84
52,84
54,84
55,84
56,84
55,83
55,85
54,83
54,82
54,85
54,86
53,83
52,83
52,82
53,85
52,85
51,85
52,86
53,97
52,97
51,97
50,97
49,97
50,98
51,96
50,96
49,96
48,96
49,95
50,95
50,94
51,95
51,94
51,98
52,96
53,96
53,95
52,95
52,94
53,94
52,93
52,92
52,98
54,97
55,97
54,96
55,96
56,96
57,96
56,95
56,97
55,95
55,94
54,95
54,94
54,93
54,98
55,98
56,98
55,99
53,96
53,98
53,99
52,99
51,99
54,99
54,37
55,37
55,36
55,5
54,5
53,5
53,4
52,4
53,3
52,3
53,2
53,6
52,6
51,6
50,6
51,5
53,7
52,7
51,7
50,7
49,7
51,8
52,8
52,9
53,8
53,9
53,10
54,4
54,3
54,2
54,6
54,7
55,7
55,8
56,8
56,9
55,9
54,8
54,9
56,5
57,5
58,5
57,4
58,4
57,6
56,4
55,4
56,3
55,3
55,2
55,1
56,1
57,1
56,0
55,0
54,0
57,3
58,3
59,3
57,2
58,2
58,1
59,1
58,0
56,2
56,6
56,7
57,7
58,7
59,7
60,7
61,7
60,6
60,8
59,6
59,8
58,8
58,9
57,8
57,9
57,10
55,4
55,6
55,70
54,70
53,70
53,71
54,69
53,69
52,69
53,68
54,68
54,67
55,67
54,71
55,71
56,71
57,71
56,72
56,73
55,72
54,72
55,73
55,74
54,72
56,70
57,70
58,70
57,69
58,69
59,69
56,69
56,68
57,68
58,68
59,68
58,67
55,69
55,68
55,71
56,23
57,23
58,23
56,22
55,22
57,22
56,21
55,21
56,20
56,28
55,28
54,28
53,28
52,28
52,27
51,27
52,29
51,29
52,30
53,27
55,27
54,27
54,26
53,26
52,26
53,25
55,26
55,25
56,25
55,24
54,25
54,24
53,24
54,23
56,27
56,26
55,26
55,29
54,29
53,29
53,30
54,30
54,31
55,30
55,31
57,28
58,28
59,28
60,28
59,27
60,27
61,27
62,27
61,26
61,28
61,29
60,26
60,25
60,24
59,26
59,25
58,25
59,29
58,27
57,27
57,26
57,25
58,26
57,27
57,29
56,27
56,29
56,30
56,41
55,41
54,41
53,41
52,41
53,42
54,40
53,40
52,40
52,39
53,39
54,39
55,39
54,42
55,40
55,42
55,43
54,43
53,43
53,44
54,44
55,44
56,44
57,44
56,45
55,45
57,41
58,41
59,41
60,41
61,41
62,41
61,40
60,42
59,40
59,39
59,42
59,43
58,40
58,42
57,40
57,39
56,39
56,38
57,38
58,38
57,37
57,36
57,42
57,43
56,40
56,42
56,43
56,89
55,89
54,89
53,89
52,89
51,89
52,88
53,88
53,87
54,88
54,90
53,90
52,90
51,90
50,90
51,91
53,91
54,91
55,88
55,87
55,90
55,91
55,92
56,92
56,93
57,89
57,88
58,88
58,87
56,88
56,87
56,86
57,86
58,86
59,86
58,85
56,90
57,53
56,53
55,53
54,53
53,53
52,53
53,52
53,54
54,54
54,55
55,52
55,54
56,54
58,53
59,53
58,54
57,52
56,52
56,51
55,51
54,51
54,50
53,50
55,50
55,49
56,50
57,50
57,49
56,49
56,48
57,61
56,61
55,61
54,61
53,61
52,61
51,61
50,61
51,60
51,62
53,60
53,62
53,63
52,63
54,60
55,60
55,59
56,59
55,58
54,59
53,59
52,59
53,58
54,58
54,62
55,62
55,63
55,64
54,63
54,64
54,65
55,60
55,62
56,60
56,62
56,63
58,61
59,61
60,61
61,61
62,61
62,60
63,60
62,59
61,60
60,60
61,62
60,60
60,62
59,60
59,59
60,59
60,58
59,62
58,60
58,59
58,62
58,63
59,63
59,64
60,64
58,64
58,65
57,60
57,59
57,58
56,58
58,58
58,57
58,56
59,56
57,57
56,57
55,57
55,56
56,56
57,56
57,55
57,62
57,63
57,64
56,64
56,65
56,66
59,17
60,17
59,16
58,16
58,15
57,15
57,14
58,14
59,14
58,13
60,16
61,16
60,15
60,14
61,14
61,13
62,13
61,12
60,13
60,12
59,12
60,11
59,18
58,18
58,19
57,19
59,35
58,35
58,34
57,34
56,34
55,34
55,33
56,33
56,35
57,33
57,32
57,31
58,33
58,32
58,31
58,30
60,35
61,35
62,35
63,35
61,34
61,33
62,33
61,32
61,36
60,36
62,36
62,37
61,37
63,37
62,38
61,37
60,34
60,33
60,36
59,34
59,33
59,32
60,32
60,31
60,30
59,31
59,36
59,37
60,37
60,38
61,38
59,83
58,83
57,83
58,82
59,84
60,84
60,85
60,44
61,44
62,44
62,43
63,43
61,43
61,45
60,45
59,45
60,46
59,46
58,46
59,47
60,47
61,47
60,66
59,66
61,66
62,66
63,66
64,66
62,65
62,67
61,65
61,67
61,68
60,67
61,70
60,70
60,71
59,71
60,72
61,72
61,99
60,99
59,99
58,99
59,98
58,98
59,97
58,97
59,96
60,98
60,97
61,97
62,99
63,99
64,99
62,98
61,98
62,5
61,5
61,4
60,4
61,3
61,2
60,2
61,1
63,5
64,5
65,5
64,4
64,3
63,4
63,3
63,2
63,1
63,6
64,6
65,6
66,6
65,7
64,7
64,8
63,7
62,4
62,3
62,6
63,9
62,9
61,9
61,10
62,8
62,10
62,11
63,10
64,10
65,10
65,9
63,11
64,11
63,12
63,39
63,40
63,77
62,77
62,78
61,78
64,77
65,77
64,78
65,78
66,78
67,78
66,79
64,79
63,76
62,76
61,76
60,76
59,76
58,76
57,76
56,76
57,75
58,77
59,75
59,74
58,74
60,74
59,73
59,77
60,77
60,78
61,75
62,75
62,74
62,73
64,76
63,75
63,78
63,79
62,79
61,79
60,79
63,80
62,80
61,80
60,80
59,80
60,81
60,82
61,81
61,82
61,83
62,81
62,82
64,80
65,80
66,80
65,81
66,81
65,82
65,83
64,81
64,82
63,81
63,82
63,83
63,84
62,84
64,84
63,85
63,90
62,90
61,90
62,89
61,89
60,89
59,89
61,88
60,88
60,87
61,87
61,86
62,88
62,87
63,87
62,86
62,91
61,91
60,91
59,91
58,91
57,91
58,90
58,92
58,93
59,90
59,92
60,90
60,92
60,93
61,92
61,93
62,92
62,93
64,90
65,90
66,90
67,90
68,90
69,90
70,90
69,89
69,91
68,89
68,88
67,89
67,88
66,89
66,88
65,89
65,88
64,89
64,88
64,87
65,87
66,87
66,86
65,86
65,85
64,86
64,91
65,91
66,91
67,91
68,91
68,92
66,92
65,92
66,93
67,93
66,94
65,92
64,92
64,93
65,93
65,94
64,94
64,95
63,89
63,88
63,91
63,92
63,93
63,94
62,94
61,94
60,94
59,94
60,95
61,95
62,95
62,96
63,95
63,96
63,97
64,0
65,0
66,0
67,0
68,0
68,1
65,1
66,1
65,2
64,52
63,52
62,52
61,52
61,53
63,51
62,51
61,51
60,51
59,51
58,51
60,50
60,52
61,50
61,49
62,50
64,51
64,50
64,49
63,50
63,49
62,49
63,48
63,53
62,53
62,54
61,54
60,54
61,55
62,55
64,53
64,54
64,55
63,54
65,52
65,51
66,51
66,50
65,50
65,53
66,53
67,53
68,53
67,52
67,54
66,54
66,55
64,51
64,53
65,21
64,21
63,21
62,21
61,21
60,21
59,21
58,21
59,22
60,22
61,20
61,19
60,19
61,18
61,22
62,22
62,23
61,23
62,20
62,19
62,18
62,22
63,20
64,20
65,20
65,19
66,19
65,18
64,19
64,18
64,17
63,19
63,18
63,17
63,22
63,23
63,24
62,24
62,25
63,25
64,20
64,22
65,22
66,22
66,23
66,24
66,25
65,23
65,24
64,23
64,24
64,25
64,26
65,26
66,21
67,21
68,21
69,21
69,20
70,20
69,19
69,22
68,22
70,22
71,22
70,23
69,23
69,24
68,20
67,20
68,19
67,19
67,18
68,18
68,17
68,22
67,20
67,22
67,23
68,23
68,24
68,25
65,20
65,22
65,65
66,65
67,65
68,65
67,64
68,64
69,64
69,63
69,65
67,63
67,62
68,62
67,66
68,66
69,66
70,66
67,67
66,64
66,63
66,62
66,61
66,60
66,66
66,67
65,64
64,64
63,64
65,63
64,63
63,63
62,63
63,62
64,62
64,61
65,62
66,29
65,29
64,29
63,29
63,28
63,30
62,30
63,31
62,31
64,31
63,32
64,28
64,30
65,28
65,30
66,28
67,28
67,27
66,27
68,27
67,26
66,27
66,47
65,47
64,47
64,46
63,46
62,46
63,45
64,45
64,44
65,46
65,45
65,44
65,48
67,47
68,47
69,47
70,47
71,47
69,46
70,46
70,45
69,48
69,49
70,49
68,46
68,45
68,44
69,44
68,43
68,48
68,49
68,50
67,46
67,45
67,44
67,43
67,48
67,49
66,46
66,45
66,44
66,48
66,84
67,84
68,84
68,83
69,83
68,85
67,85
69,85
69,86
70,86
70,87
68,86
67,83
67,82
68,82
69,82
69,81
68,81
68,80
68,79
67,85
66,96
65,96
65,97
65,98
66,99
67,99
67,57
66,57
65,57
64,57
63,57
64,58
63,58
64,59
65,56
65,58
65,59
66,58
68,57
69,57
70,57
71,57
72,57
73,57
72,56
73,56
72,55
72,58
73,58
74,58
73,59
72,59
71,56
71,55
71,58
71,59
70,56
70,55
70,54
70,58
70,59
70,60
69,56
69,55
69,54
69,58
69,59
69,60
69,61
68,56
68,55
68,58
68,59
68,60
67,56
67,58
67,59
67,72
66,72
65,72
64,72
63,72
64,73
64,74
66,73
68,72
69,72
70,72
69,71
70,71
71,71
69,70
68,70
67,70
68,69
68,68
70,70
71,70
72,70
71,69
70,69
70,68
69,69
69,73
70,73
71,73
72,73
73,73
72,72
71,74
70,74
70,75
69,74
69,75
68,71
68,73
67,73
67,74
66,74
65,74
65,75
66,75
66,76
67,75
68,74
68,75
68,76
69,76
70,76
68,77
67,71
66,71
65,71
64,71
63,71
62,71
63,70
65,70
66,70
66,69
65,69
64,69
65,68
67,73
68,40
67,40
66,40
65,40
65,39
66,41
65,41
64,41
65,42
64,42
66,42
67,39
66,39
66,38
65,38
64,38
65,37
65,36
66,37
66,36
68,39
68,38
67,38
67,37
67,41
69,40
70,40
69,39
69,41
70,41
71,41
72,41
73,41
73,40
72,40
71,42
70,42
70,43
69,42
68,39
68,41
69,6
68,6
68,5
67,5
68,7
67,7
68,8
70,6
71,6
72,6
73,6
73,7
72,7
70,5
71,5
72,5
73,5
74,5
75,5
74,4
73,4
72,4
72,3
71,4
71,3
70,3
71,2
70,4
70,7
71,7
71,8
72,8
72,9
73,9
69,5
69,4
68,4
67,4
66,4
67,3
67,2
68,3
69,3
69,2
69,3
69,7
69,15
68,15
67,15
66,15
65,15
64,15
63,15
62,15
63,14
65,14
65,13
64,13
65,12
65,16
66,14
66,16
66,17
67,14
67,13
66,13
66,12
67,12
67,11
66,11
68,11
69,11
68,10
67,10
67,9
67,16
68,14
69,14
69,13
69,12
68,13
68,12
70,15
70,14
71,14
71,13
72,13
71,12
72,12
73,12
72,11
71,11
71,10
70,13
70,12
70,11
70,10
70,9
69,9
70,16
71,16
71,17
72,17
72,18
73,18
72,19
71,18
70,17
70,18
69,14
69,16
70,33
69,33
68,33
67,33
66,33
65,33
64,33
65,34
66,32
67,32
67,31
66,31
67,30
67,34
67,35
68,32
68,31
68,30
68,34
69,32
69,31
70,31
69,30
70,30
71,30
70,29
69,29
69,28
69,34
71,33
71,32
71,31
72,31
72,30
70,32
71,24
72,24
73,24
74,24
75,24
74,23
74,22
73,23
73,22
73,21
73,25
72,23
72,25
72,26
71,26
70,26
71,27
71,25
70,25
71,64
72,64
73,64
74,64
75,64
76,64
75,65
74,65
74,66
73,66
73,65
71,63
72,63
73,63
74,63
75,63
74,62
73,62
72,62
72,61
73,61
71,62
70,62
71,61
71,65
72,65
71,84
70,84
72,84
73,84
72,85
71,83
71,82
71,85
72,67
71,67
72,93
72,92
71,92
70,92
70,93
69,93
71,91
72,99
71,99
70,99
69,99
70,98
71,98
71,97
70,97
69,97
68,97
67,97
68,98
69,96
69,95
69,98
70,96
70,95
71,96
71,95
71,94
73,99
74,99
75,99
76,99
72,98
73,98
74,98
75,98
76,98
77,98
76,97
75,97
75,96
74,97
73,97
73,96
73,95
74,95
73,94
72,97
72,96
73,1
72,1
72,0
71,0
70,0
73,2
74,2
73,36
72,36
71,36
70,36
69,36
68,36
70,35
70,37
71,35
71,37
71,38
70,38
71,39
72,35
72,34
72,37
73,37
73,38
74,36
75,36
76,36
77,36
78,36
77,35
76,35
76,37
76,38
75,35
74,35
75,34
75,37
75,38
74,35
74,37
74,38
74,39
73,35
73,34
74,34
74,33
75,33
73,33
73,32
73,37
73,77
72,77
71,77
71,78
72,76
72,75
74,77
75,77
76,77
77,77
77,76
78,76
77,75
77,78
78,78
77,79
76,76
76,75
75,75
76,74
76,78
76,79
76,80
75,76
75,78
75,79
74,76
74,75
74,74
74,78
74,79
74,80
74,81
75,81
76,81
74,82
74,83
73,76
73,75
73,78
72,78
72,79
71,79
70,79
70,80
71,80
73,79
73,80
73,81
72,81
73,82
74,51
73,51
72,51
72,50
71,50
72,52
71,52
70,52
71,53
72,53
73,52
73,53
73,54
74,52
75,52
74,53
75,53
76,53
77,53
78,53
76,52
76,54
76,55
74,54
74,55
75,55
75,7
76,7
76,6
77,6
78,6
79,6
78,5
78,7
77,5
76,8
77,8
76,9
77,9
78,9
77,10
75,8
74,8
75,9
75,10
74,10
75,41
75,40
75,46
74,46
73,46
74,47
73,47
73,48
72,48
73,49
74,48
74,49
76,46
77,46
78,46
79,46
80,46
81,46
81,45
82,45
81,44
81,47
80,45
80,44
80,47
80,48
79,45
79,44
79,43
79,42
79,47
79,48
78,45
78,44
78,43
78,47
78,48
78,49
79,49
80,49
79,50
78,50
77,45
77,44
77,43
77,42
76,42
77,41
78,41
77,40
77,47
77,48
77,49
77,50
77,51
76,45
76,44
75,44
74,44
73,44
72,44
71,44
72,43
73,43
74,43
74,42
75,43
76,43
76,47
76,48
75,48
75,49
75,50
76,49
75,45
74,45
73,45
72,45
72,46
75,47
75,71
74,71
73,71
74,70
74,69
73,69
73,68
74,72
76,71
77,71
78,71
79,71
80,71
80,70
79,70
78,70
79,69
79,72
78,70
78,72
78,73
78,74
77,70
77,69
77,68
78,68
77,67
77,72
77,73
76,70
76,69
76,68
76,67
76,66
76,72
75,70
75,69
75,68
75,67
75,72
75,73
75,91
74,91
73,91
74,92
76,91
77,91
76,90
76,89
77,89
77,88
76,88
76,92
77,92
78,92
77,93
75,90
74,90
73,90
72,90
75,89
74,89
73,89
72,89
74,88
73,88
73,87
75,88
75,87
75,88
75,92
75,93
75,94
76,94
76,95
77,23
76,23
76,22
76,21
75,21
75,20
74,20
74,19
77,21
78,21
78,23
78,22
79,22
77,22
77,24
77,57
76,57
75,57
76,58
77,56
78,56
79,56
79,57
78,55
79,55
80,55
80,54
81,54
80,53
79,54
78,30
77,30
76,30
75,30
74,30
74,31
76,31
77,31
79,30
80,30
80,31
80,32
81,32
80,33
80,34
81,34
80,35
79,29
79,31
79,32
79,33
78,33
77,33
78,34
79,34
79,35
78,29
77,29
76,29
75,29
75,28
74,28
73,28
73,27
74,27
74,26
75,27
76,27
76,28
77,28
78,31
78,32
77,32
76,32
78,81
79,81
79,80
80,80
79,79
78,80
78,82
77,82
77,83
76,83
76,84
78,83
77,84
77,85
76,85
75,85
78,85
77,86
78,83
79,0
78,0
77,0
76,0
75,0
74,0
75,1
78,1
77,1
77,2
76,2
78,2
78,3
77,3
76,3
79,1
79,2
79,3
79,4
78,2
80,0
81,0
82,0
83,0
84,0
85,0
86,0
85,1
84,1
83,1
83,2
84,2
83,3
82,1
82,2
81,1
81,2
81,3
81,4
80,4
81,5
80,1
80,2
79,1
79,16
78,16
77,16
76,16
75,16
77,17
76,17
75,17
75,18
76,18
76,19
78,17
78,18
79,18
77,18
77,19
78,17
80,16
81,16
82,16
83,16
84,16
81,15
80,15
82,15
83,15
83,14
82,14
82,13
81,14
81,13
81,12
81,17
80,17
79,17
80,18
80,19
79,19
79,20
80,20
80,21
82,17
83,17
84,17
83,18
83,19
81,18
82,18
82,19
82,20
81,19
81,20
81,21
80,15
80,17
79,15
78,15
77,15
76,15
75,15
74,15
73,15
72,15
73,14
73,16
75,14
76,14
76,13
75,13
74,13
75,12
76,12
76,11
77,14
78,14
77,13
77,12
78,14
79,14
80,14
80,13
80,12
79,12
80,11
79,11
78,11
79,10
81,11
81,10
79,13
78,13
79,17
79,93
79,94
80,94
81,94
80,95
79,95
78,95
79,96
80,7
81,7
82,7
82,8
82,9
83,9
83,10
84,10
83,11
81,8
80,8
79,8
80,9
80,40
79,40
79,39
79,38
78,38
79,37
81,40
82,40
83,40
80,39
81,39
82,39
83,39
84,39
83,38
82,38
82,37
81,38
81,37
81,36
80,38
80,41
81,41
81,42
82,42
83,42
82,43
80,87
79,87
78,87
79,86
79,88
79,89
81,87
80,88
81,26
80,26
79,26
78,26
77,26
78,25
78,27
79,27
80,25
79,25
79,24
81,25
81,24
81,23
82,26
83,26
84,26
85,26
84,25
85,25
85,24
84,24
84,27
83,25
83,24
83,23
83,27
82,25
82,24
82,23
82,22
82,27
82,28
81,28
80,28
81,29
83,28
82,29
82,30
83,30
82,31
81,25
81,27
81,52
82,52
83,52
84,52
83,51
82,51
82,50
82,53
81,51
80,51
81,50
81,61
80,61
79,61
78,61
77,61
76,61
75,61
76,60
76,62
78,60
78,62
78,63
77,63
78,64
79,60
79,62
80,62
79,63
79,64
79,65
80,60
80,59
79,59
78,59
77,59
78,58
80,58
80,62
82,61
83,61
84,61
85,61
86,61
85,60
85,62
84,60
84,59
85,59
84,62
83,60
83,62
83,63
82,63
82,64
84,63
83,64
83,65
82,60
82,59
82,62
81,60
81,59
81,58
82,58
83,58
81,57
81,56
81,62
81,63
80,63
80,64
80,65
80,66
81,64
81,65
82,65
81,66
81,67
82,48
83,48
83,49
84,49
84,50
85,50
86,50
85,51
82,99
81,99
80,99
79,99
78,99
79,98
80,98
80,97
81,98
81,97
81,96
83,99
82,98
83,98
84,98
85,98
86,98
85,99
83,97
84,97
85,97
84,96
82,97
82,96
83,96
83,95
82,95
83,91
82,91
81,91
80,91
80,90
80,92
81,90
81,89
81,92
82,90
82,92
82,93
84,91
85,91
85,90
83,90
84,90
84,89
85,89
84,88
83,89
83,88
82,88
83,87
83,92
84,92
85,92
86,92
85,93
84,93
83,93
84,94
83,93
84,75
83,75
82,75
81,75
80,75
79,75
80,76
81,74
80,74
80,73
81,73
81,72
81,76
81,77
82,76
82,77
83,74
82,74
82,73
82,72
82,71
83,73
83,72
83,76
84,76
84,77
83,77
83,78
82,78
81,78
80,78
82,79
83,79
82,80
84,78
84,79
84,80
83,79
85,75
86,75
87,75
88,75
87,74
87,76
86,76
86,77
86,78
85,76
85,77
84,74
85,74
86,74
86,73
87,73
87,72
88,72
86,72
85,72
85,71
85,73
84,73
84,72
84,76
85,3
86,3
86,4
87,4
85,4
84,4
84,5
83,5
83,6
84,6
85,5
85,11
85,12
84,12
84,13
85,13
85,14
85,13
85,21
84,21
83,21
84,20
84,22
86,21
86,22
87,22
86,23
85,20
85,22
85,69
84,69
83,69
82,69
84,68
83,68
82,68
83,67
84,67
84,66
84,70
83,70
86,69
86,68
87,68
86,70
85,68
85,67
86,67
87,67
88,67
86,66
85,66
85,65
85,83
84,83
83,83
82,83
81,83
84,82
83,82
82,82
81,82
80,82
81,81
83,81
84,84
83,84
82,84
81,84
80,84
79,84
80,85
81,85
82,85
82,86
83,85
84,85
84,86
86,83
85,82
86,82
86,81
87,81
87,80
88,80
89,80
88,79
87,79
86,80
85,81
85,84
86,84
87,84
85,85
86,85
87,85
86,86
87,86
87,87
88,87
88,88
87,88
87,89
86,87
85,86
85,87
86,37
85,37
84,37
85,36
84,36
83,36
84,35
83,35
82,35
84,34
83,34
83,33
85,35
85,34
86,34
85,33
86,33
87,33
87,32
86,32
86,31
85,32
84,32
85,31
84,31
85,30
85,38
87,37
88,37
89,37
90,37
91,37
91,38
90,36
90,38
89,36
89,35
89,38
88,36
88,35
88,34
87,34
89,34
88,33
86,36
87,36
87,35
86,35
86,38
87,38
88,38
88,39
87,39
87,40
86,39
87,8
86,8
85,8
84,8
85,7
86,7
86,6
86,9
86,10
88,8
89,8
88,7
87,9
88,9
87,10
87,55
86,55
85,55
84,55
83,55
84,54
85,54
85,53
86,56
85,56
84,56
84,57
85,57
86,57
86,58
87,56
87,57
87,58
87,59
86,57
88,55
89,55
90,55
91,55
91,54
91,56
92,56
90,54
90,56
90,57
89,54
88,54
88,53
87,53
89,53
88,52
89,53
89,56
89,57
89,58
89,59
88,54
88,56
88,57
87,54
86,54
87,56
88,25
87,25
89,25
90,25
89,24
89,26
88,26
88,24
88,23
88,26
88,90
89,90
90,90
89,89
89,91
90,91
91,91
92,91
91,90
91,92
90,92
89,92
90,93
89,92
88,91
87,91
88,92
89,30
88,30
87,30
87,29
86,29
86,28
86,27
87,28
87,27
88,29
88,28
88,31
89,29
90,29
89,28
89,46
88,46
87,46
90,46
91,46
92,46
93,46
94,46
93,45
92,45
93,47
92,45
92,47
92,48
93,48
92,49
91,47
91,48
90,45
91,45
91,44
92,44
93,44
94,44
93,43
93,42
92,43
91,43
91,42
90,44
90,43
90,42
90,41
90,47
89,47
88,47
87,47
87,48
88,48
89,48
89,49
88,49
87,49
88,50
89,50
89,51
90,48
90,49
90,50
90,51
91,51
89,45
88,45
87,45
86,45
85,45
86,44
85,44
84,44
85,43
84,43
85,42
86,43
87,43
87,42
86,42
86,41
86,46
85,46
84,46
83,46
84,47
85,47
85,48
86,47
87,44
88,44
88,43
88,44
89,44
89,43
89,42
89,41
88,41
89,40
89,47
89,71
90,71
91,71
91,70
91,72
90,70
90,69
90,72
90,73
89,70
88,70
88,69
89,69
89,68
89,76
89,77
88,77
90,77
90,78
90,79
89,78
90,16
89,16
88,16
87,16
86,16
86,15
87,15
87,14
89,15
88,15
88,14
88,13
87,13
87,12
88,12
89,14
90,14
91,14
91,13
90,13
90,12
89,13
89,12
89,11
89,10
89,17
88,17
87,17
86,17
86,18
85,18
86,19
87,18
87,19
87,20
88,18
89,18
89,18
91,16
92,16
93,16
94,16
95,16
96,16
95,15
94,15
94,17
93,15
93,14
93,13
94,13
93,12
92,15
91,15
92,14
92,17
92,18
91,18
93,18
92,19
91,15
91,17
90,15
90,17
90,18
90,19
89,19
89,20
89,21
90,20
91,20
90,21
90,22
90,97
89,97
88,97
87,97
89,96
88,96
87,96
86,96
87,95
88,95
88,94
89,95
90,95
89,94
89,98
89,99
88,99
91,97
92,97
90,96
91,96
90,98
91,98
90,99
91,3
90,3
89,3
90,2
89,2
88,2
87,2
88,1
89,1
90,1
90,1
90,4
89,4
89,5
88,5
90,5
89,6
90,5
92,3
93,3
93,2
92,2
92,1
92,4
92,5
91,2
91,4
93,71
94,71
94,70
94,72
93,70
93,69
92,69
93,72
93,73
92,73
92,74
91,74
93,83
92,83
91,83
90,83
89,83
88,83
88,82
89,82
89,84
90,82
90,81
90,84
91,82
91,81
92,82
93,82
92,81
94,83
94,84
95,84
94,85
95,85
96,85
96,86
96,87
95,86
95,87
95,88
94,86
94,87
94,88
93,82
93,84
92,84
91,84
91,85
90,85
89,85
89,86
90,86
90,87
91,86
91,87
91,88
92,85
92,86
92,87
92,88
92,89
93,85
93,86
93,87
93,88
93,89
93,90
94,0
93,0
95,0
96,0
97,0
96,1
95,1
94,1
94,33
93,33
92,33
91,33
90,33
91,32
92,34
95,33
96,33
97,33
96,32
96,34
95,32
95,31
95,34
94,32
93,32
92,32
92,31
91,31
90,31
91,30
94,31
94,34
93,34
93,35
92,35
91,35
92,36
93,36
94,35
94,63
93,63
92,63
91,63
90,63
89,63
88,63
87,63
86,63
87,62
87,64
88,62
88,61
88,64
88,65
89,62
89,61
89,64
89,65
90,62
90,61
90,60
90,64
90,65
91,62
91,61
91,60
91,64
91,65
92,62
93,62
92,61
93,61
93,60
93,59
92,59
93,58
92,64
92,65
92,66
91,66
91,67
90,67
91,68
93,62
93,64
93,65
93,66
94,66
94,67
93,67
94,68
93,67
95,63
96,63
97,63
98,63
97,64
98,64
99,64
97,65
96,64
95,64
96,65
95,62
96,62
97,62
97,61
96,61
98,61
99,61
97,60
96,61
95,61
95,60
96,60
96,59
95,59
95,64
94,62
94,61
94,60
94,59
94,58
94,64
94,65
95,65
95,66
96,66
97,66
98,66
97,67
96,67
96,68
95,67
95,68
95,69
94,94
93,94
92,94
92,93
92,95
93,93
93,92
93,95
95,94
95,93
95,95
96,95
95,96
94,93
94,92
95,92
94,95
94,96
94,97
95,10
94,10
93,10
92,10
91,10
91,11
92,11
93,9
92,9
91,9
90,9
91,8
91,7
92,8
93,8
92,7
93,8
94,9
94,11
95,11
95,12
95,25
94,25
94,24
93,24
92,24
92,23
91,23
92,25
94,26
93,26
93,27
92,27
91,27
90,27
91,26
91,28
93,28
93,29
92,29
93,30
94,27
94,28
95,28
95,29
94,29
96,25
97,25
98,25
99,25
99,24
98,24
99,23
98,23
99,22
99,26
99,27
99,28
98,24
98,26
98,27
98,28
98,29
97,24
97,26
97,27
96,27
97,28
96,28
96,29
97,29
97,30
98,30
97,31
96,24
96,23
97,23
97,22
96,22
96,21
97,21
98,21
97,20
96,20
96,19
96,26
95,24
95,23
94,23
93,23
93,22
92,22
92,21
93,21
93,20
94,22
94,21
94,20
95,22
95,21
95,20
95,19
95,18
95,26
95,27
95,54
94,54
94,53
93,53
92,53
93,52
94,55
93,55
94,56
96,54
97,54
98,54
99,54
98,55
97,53
97,52
97,55
96,53
96,52
96,55
96,56
95,53
95,52
95,51
94,51
95,50
95,55
95,56
95,57
96,13
96,14
97,14
97,15
96,48
95,48
95,47
97,48
98,48
97,47
98,47
99,47
99,46
99,45
99,44
99,48
99,49
98,46
98,45
97,49
98,49
98,50
98,51
99,51
97,50
96,47
96,46
97,46
97,45
96,45
95,45
96,49
97,76
96,76
95,76
94,76
93,76
92,76
91,76
92,77
93,75
94,75
94,74
95,75
96,75
96,75
98,76
99,76
99,75
99,74
99,73
97,75
98,75
98,74
98,73
98,72
98,71
97,74
96,74
96,73
95,73
96,72
97,73
97,72
97,71
96,71
97,70
97,77
96,77
95,77
94,77
93,77
93,78
92,78
92,79
93,79
94,78
94,79
95,78
98,77
97,78
97,96
98,96
99,96
99,95
99,94
99,93
98,93
98,92
98,91
99,92
99,91
99,90
99,97
99,98
99,99
98,95
98,94
97,94
97,93
97,92
98,97
98,98
98,99
97,97
96,97
96,98
95,98
95,99
94,99
93,99
92,99
93,98
96,99
97,98
97,99
98,5
97,5
96,5
95,5
94,5
95,4
94,4
95,3
95,6
94,6
93,6
94,7
96,4
96,6
96,7
96,8
95,8
96,9
97,4
98,4
98,3
98,2
97,2
98,1
97,3
96,3
97,6
99,5
99,4
99,3
99,2
99,1
99,0
98,4
98,6
99,6
99,7
99,8
99,9
99,10
99,11
98,7
97,7
97,8
97,9
97,10
98,10
97,11
97,12
98,8
98,9
98,38
97,38
96,38
95,38
94,38
93,38
94,37
95,37
95,36
96,37
96,36
97,37
97,39
96,39
95,39
95,40
94,40
93,40
94,41
95,41
95,42
96,40
96,41
96,42
96,43
97,40
97,41
97,42
97,43
99,38
99,37
98,37
98,36
97,36
97,35
98,35
98,34
99,36
99,35
99,34
99,33
99,39
99,40
99,41
99,42
98,37
98,39
98,40
98,41
98,42
98,43
98,57
97,57
97,58
99,57
99,56
98,69
99,69
99,68
99,67
99,70
98,68
98,81
97,81
96,81
95,81
94,81
95,80
95,82
96,80
96,79
96,82
96,83
97,80
97,82
97,83
97,84
99,81
99,80
99,79
98,79
99,78
99,82
99,83
98,80
98,82
98,83
98,84
98,87
99,87
99,86
99,85
99,88
98,86
98,88
97,88
97,89
96,89
96,90
96,91
97,90
98,89
99,18
98,18
97,18
97,17
98,17
98,16
98,19
99,17
99,16
99,15
99,14
99,19
99,20
99,59
98,59
